time,x,y,z,phi,theta,psi,x_velocity,y_velocity,z_velocity,phi_velocity,theta_velocity,psi_velocity,rotor_speed1,rotor_speed2,rotor_speed3,rotor_speed4
0.06,9.01288621122e-08,-8.2134437303e-08,10.006506729,6.28306805608,6.2828962136,0.0,1.74419863634e-05,-9.3531146356e-06,0.216874146907,-0.006181278694,-0.016810000061,0.0,472.8979044372566,471.60158767558914,473.0500870804765,472.57399224930975
0.12000000000000001,1.16762940893e-05,-4.36150124429e-06,10.024412878,6.28307877501,6.28206916534,0.0,0.00047028094765,-0.000150738062999,0.379956655985,0.0105628826995,-0.00833161245857,0.0,455.66812733255983,456.34539469355764,456.4171749182248,457.7513614431092
0.18,6.63158433269e-05,-1.31372145875e-05,10.0514400583,0.000564277459073,6.28160775843,0.0,0.00140288430863,-7.12625244702e-05,0.520894999143,0.0123869806382,-0.00643700300543,0.0,449.0517537723655,449.2055073609561,450.5477695697486,450.6950744653004
0.23999999999999996,0.000184191438725,-2.66312668568e-06,10.0861674609,0.00116199652206,6.2820195785,0.0,0.00251620172157,0.000490839590998,0.636627160565,0.00460765191835,0.0251508635753,0.0,440.96557005303436,443.56685028128265,442.3830158249686,441.7419636682465
0.3,0.000360288204682,6.16223129058e-05,10.1351888865,0.000955053054655,0.000443319234151,0.0,0.00313403825398,0.00166979495404,0.997177418402,-0.0289445074364,0.0299576875972,0.0,512.8748073428703,513.2161040296945,514.9820047323996,512.6036234012323
0.36000000000000004,0.000535834927403,0.000172010260762,10.1935498148,6.28229159594,0.00204861581768,0.0,0.00258071312881,0.00186672360657,0.94822912341,-0.0348378792663,0.0194262608616,0.0,388.4696461864477,387.48124120927486,387.9180343952829,387.36381328208404
0.4200000000000001,0.000650472735613,0.000262304186189,10.2499987431,6.28056202676,0.00419844403727,0.0,0.00108963688784,0.000982498515401,0.933413522314,-0.0189168976635,0.0569194330267,0.0,397.69254631006726,401.11225961884384,399.36457837198657,400.8135623212595
0.48000000000000015,0.000617979942745,0.000264158978499,10.3086048813,6.27972143511,0.00761494915271,0.0,-0.00251404164506,-0.00101779792919,1.0200486323,-0.00566055148134,0.0569863339881,0.0,433.9581937604215,433.9661186164936,432.5566063477903,433.6714725228421
0.5400000000000001,0.000289688644964,0.000127473767459,10.3736620119,6.27961871313,0.0106418657955,0.0,-0.00877568138154,-0.00356038610047,1.14839880804,0.00520219362434,0.0323005655532,0.0,448.2873816587362,446.2787089953098,446.01438296417183,446.90061184378266
0.6000000000000002,-0.000548677638687,-0.000185545688193,10.453211342,6.27983355382,0.0128900201651,0.0,-0.0194600366996,-0.00683509399376,1.50284595396,0.000122366516714,0.0461955648005,0.0,512.1949632119976,513.1825417755697,512.7331031506479,512.3720567142974
0.6600000000000003,-0.00204213200474,-0.000676778519204,10.5500414869,6.28011963597,0.0155188953858,0.0,-0.0306422583619,-0.00951910466687,1.72451346724,0.0127343516158,0.0385694735151,0.0,475.49471065759036,474.9111227745913,476.56660835285066,477.5294849062151
0.7200000000000003,-0.00425095832165,-0.00131391025327,10.6590442936,6.28194993195,0.0181861930311,0.0,-0.0432680228491,-0.011554117226,1.90861996057,0.0527192124851,0.054189623441,0.0,464.5272223558922,465.75140386148,464.6753810403972,467.79935362431837
0.7800000000000004,-0.00714260275314,-0.00201744735011,10.7716345387,0.00171032819125,0.021360465165,0.0,-0.0533719190065,-0.0116588969647,1.84448924225,0.0406320780699,0.0502029423044,0.0,385.5210562169213,385.14649892254056,385.5577446225588,384.4160087925294
0.8400000000000004,-0.0108436020477,-0.00266779559555,10.887394021,0.00417759790678,0.0239867963621,0.0,-0.0703104874,-0.00974470550206,2.01386892127,0.0420815592457,0.0260563974489,0.0,462.68563304418484,460.78174572125334,461.58767065858706,461.70285961058823
0.9000000000000005,-0.0157581584319,-0.00311974526564,11.0191599767,0.0063517162996,0.026395156244,0.0,-0.0937843766695,-0.00498689949118,2.37763738969,0.0207558903195,0.0591652312676,0.0,516.1203372506195,518.4521752950207,518.5705022542485,517.0707871460991
0.9600000000000005,-0.0219801982372,-0.00327390871435,11.1661483787,0.00789185468055,0.0298789220524,0.0,-0.113990378245,-1.29296222611e-06,2.52165670369,0.0340264278286,0.0557622875226,0.0,456.4467565279929,456.17735288580263,455.33997624427394,456.400440085752
1.0200000000000005,-0.0294477754802,-0.00310380236362,11.3203657371,0.00998168736107,0.0335420862722,0.0,-0.135279893244,0.00587939844011,2.61868998023,0.0363918095795,0.0699516014222,0.0,441.2990241944514,442.4713332207048,442.4028290763873,442.5980652295194
1.0800000000000005,-0.0382999810645,-0.00252870131287,11.4812469739,0.0119270111413,0.0373985442409,0.0,-0.160213003009,0.0135071759192,2.74370649356,0.0229868293448,0.049409703167,0.0,452.2940868248595,450.63953798703136,451.9236708757375,450.84226940744577
1.1400000000000006,-0.0487220054287,-0.00145872956441,11.6495235001,0.0131484731233,0.0400881468403,0.0,-0.187476297351,0.0222921529065,2.86519823621,0.0144996610536,0.0335741888584,0.0,452.7550119412079,451.4802540197805,450.2044251496599,449.5171696507841
1.2000000000000006,-0.0606762696562,0.000110661628568,11.8212025101,0.0137273340643,0.0417592380664,0.0,-0.211162101437,0.0300854464224,2.85744437065,-0.00245065253027,0.012818146325,0.0,410.5377532972828,408.69216302099005,410.6824664236452,409.1761302880998
1.2600000000000007,-0.0742910715095,0.00222439737911,11.9975231838,0.0133515840329,0.0424349216122,0.0,-0.242728532197,0.040339139296,3.01949081351,-0.0152521573381,0.00795044309212,0.0,464.3351659651788,463.95301430799674,464.33702728531244,463.3317755053867
1.3200000000000007,-0.0896815476348,0.00490066100616,12.180451555,0.0123407621545,0.0428323333564,0.0,-0.270323761564,0.048775418656,3.07796160523,-0.0202442556099,0.00382798896992,0.0,433.79255005259824,433.4461281985932,431.8539207471982,431.43269610058303
1.3800000000000008,-0.10675003629,0.00806671916161,12.3672431101,0.0110870307323,0.0427511914993,0.0,-0.298628961508,0.0566370239094,3.14822987254,-0.0222308216599,-0.0145188783281,0.0,437.9665848887974,436.43796379530175,436.4137982651476,436.2479485100933
1.4400000000000008,-0.125504915179,0.0116782222512,12.5580912934,0.0103278257067,0.0420325175173,0.0,-0.326451217678,0.0636476754887,3.2131967802,0.00172034207727,-0.00732704164672,0.0,435.3986120674931,436.000017496029,434.26569463656995,436.2702316897198
1.5000000000000009,-0.146096871439,0.0157442906353,12.7571247162,0.010370379337,0.0416578382063,0.0,-0.359876260805,0.0718903428068,3.42065072241,-0.0013940202728,-0.00416320838079,0.0,478.9110952939263,479.1517901238138,479.81098118993174,479.5744659145469
1.560000000000001,-0.168496387653,0.0202584050292,12.9640319745,0.0108204571569,0.0416582928853,0.0,-0.386758556837,0.0785997725327,3.47608720669,0.0210825174745,0.00726193531904,0.0,433.37577636488106,434.3350868548833,433.45369198853524,435.3385089784345
1.620000000000001,-0.192579508901,0.0252060768553,13.1758853543,0.0122827396639,0.0423917114043,0.0,-0.416062073199,0.0864604155073,3.5853462682,0.0302482608092,0.0206526933821,0.0,450.9499034678147,452.0302174957843,451.0966943870607,451.83633654374415
1.680000000000001,-0.218319688251,0.0306223736867,13.3914763879,0.013736589304,0.0440067227549,0.0,-0.442073511739,0.0942319669979,3.60095941741,0.00811547097185,0.0371700716345,0.0,421.4484406695616,422.873953755053,423.342010580138,421.43326953306484
1.740000000000001,-0.2458161603,0.0365775779871,13.6116605962,0.0143701266637,0.0465402978726,0.0,-0.474715310164,0.104329009954,3.73805515323,0.0150457040447,0.0507902048876,0.0,460.63553383394355,461.71227178944434,460.2886753082753,460.83669942609095
1.8000000000000012,-0.275454297978,0.0431920557562,13.8426930809,0.0152868047591,0.0501558116104,0.0,-0.513594928328,0.116251561963,3.96224509135,0.01573848052,0.0745028384251,0.0,486.5690802689356,488.3432700909109,487.48816003115024,487.53980194883474
1.8600000000000012,-0.307470268076,0.0505290894384,14.0861783796,0.0163420241638,0.0555877099087,0.0,-0.554154411957,0.128420599757,4.15320977066,0.0210488094848,0.11129323171,0.0,477.90151611084957,480.7034574234229,479.3642390196434,479.7675273136236
1.9200000000000013,-0.341882538402,0.0585718107157,14.3380822074,0.0175675339006,0.0620390499393,0.0,-0.59356324379,0.139788637123,4.2431961075,0.0191478657233,0.0986572133732,0.0,450.96587304037786,449.95387400665555,450.66117471719474,450.5074561674385
1.9800000000000013,-0.378530725308,0.0672486952827,14.5913039229,0.0182572235892,0.0680289335525,0.0,-0.628533568117,0.149523228834,4.19764786189,-0.0117852212267,0.102080278788,0.0,406.6949765952153,407.01108191580556,408.7042162299516,405.9375114936428
2.0400000000000014,-0.417709385047,0.0766022686473,14.8466040407,0.0173918094938,0.0741513726727,0.0,-0.678030108015,0.162172028541,4.31186582291,-0.0203049465599,0.101961345458,0.0,458.1152324991074,458.11446042832813,459.36915151552193,458.6931153024195
2.1000000000000014,-0.459785410396,0.0866483236485,15.1060708203,0.0160886844919,0.0801548914228,0.0,-0.725049003214,0.172578730456,4.33686918614,-0.0247075834556,0.095955904787,0.0,431.3353301220256,430.83677211057733,432.10341278960766,431.73204007553403
2.1600000000000015,-0.50479947784,0.0972951800249,15.3671157764,0.0141384439722,0.0857963801311,0.0,-0.775933359441,0.182164106953,4.36445871762,-0.0565321496257,0.0898555374282,0.0,433.7121415342802,433.2071480451215,433.2522699564878,430.5672663144291
2.2200000000000015,-0.553184023793,0.108507815427,15.6322597955,0.0112035386765,0.0913747536634,0.0,-0.83741700574,0.191259266353,4.47317958442,-0.0368980336617,0.098570438442,0.0,457.8919515538588,458.59177031728774,458.19402763535817,459.7509424616857
2.2800000000000016,-0.605497370277,0.12022246035,15.9052071494,0.00853634584172,0.0977784878838,0.0,-0.906984974741,0.198961500618,4.62436627804,-0.0672178309208,0.119413751323,0.0,471.87550180874825,473.49095999029635,473.38419062112894,471.04383739305194
2.3400000000000016,-0.661924672404,0.132315862699,16.1851235652,0.00463157242564,0.104775668524,0.0,-0.974595818894,0.20375353879,4.70574043899,-0.0611153257256,0.110353097526,0.0,453.15760172609623,452.4404646100676,452.31509802897466,452.80329821698103
2.4000000000000017,-0.723042913404,0.144637396626,16.4745420085,0.000858960517467,0.112288178593,0.0,-1.06344630207,0.206505507346,4.94040657735,-0.0666538779311,0.144932266289,0.0,497.46680006260493,500.0043922593025,499.3033685690925,498.8967005436236
2.4600000000000017,-0.788569089953,0.157028340837,16.7682465401,6.28065603289,0.120570784766,0.0,-1.12143549801,0.206255672136,4.85001628471,-0.0414182326318,0.118434630674,0.0,400.83002903635554,398.43377858313585,397.9362518328976,400.2372177055012
2.520000000000002,-0.858261975545,0.169343217433,17.0611418251,6.27808465389,0.12762215187,0.0,-1.20231138127,0.203996870376,4.91274690887,-0.0458989302593,0.115635584344,0.0,449.48389174561805,449.26918758708644,450.0949846064096,449.73116954106706
2.580000000000002,-0.932910242605,0.181472789833,17.3574981414,6.27513294204,0.135220411048,0.0,-1.28663116855,0.200053457679,4.9654098424,-0.0567700596674,0.142575518961,0.0,447.0453985381822,449.24949027211477,447.0081175312204,446.1196947035702
2.640000000000002,-1.01314177263,0.193283710694,17.6596893671,6.27209518102,0.143792502742,0.0,-1.38858981442,0.19330442048,5.10678896001,-0.0405454665412,0.143446542088,0.0,475.9130575654208,475.9972784132722,474.1760017310201,475.41939718246573
2.700000000000002,-1.09900112008,0.204680361486,17.9656917864,6.26974017339,0.152704031951,0.0,-1.47414338891,0.186381163175,5.09315705789,-0.0367783565156,0.157115234284,0.0,427.06040112153363,428.2463822629837,429.3877635465627,429.7064466721211
2.760000000000002,-1.19115512879,0.215532528796,18.2772966292,6.26737036553,0.161955289823,0.0,-1.5985982117,0.175108067532,5.29246767677,-0.0455773899163,0.14758336878,0.0,495.0820754804389,494.3999141739383,494.28943007304287,493.63984340481693
2.820000000000002,-1.29097997736,0.225652656155,18.6007300053,6.26509990819,0.170928202361,0.0,-1.72976988255,0.161962959475,5.48740891416,-0.0256729105913,0.153210406107,0.0,494.34467796771713,494.7777038293166,495.5916031840911,497.05205763522497
2.880000000000002,-1.39812142653,0.235017326279,18.9314120686,6.26399511339,0.180145663378,0.0,-1.84243084791,0.150080868525,5.53480594532,-0.00684802475103,0.154438623937,0.0,453.560937507662,453.6813342635916,453.0194683861515,454.53092845917905
2.940000000000002,-1.51205304182,0.243668569731,19.2640957133,6.26421540249,0.189412579962,0.0,-1.9560980803,0.13829915193,5.55425113214,0.0191004284126,0.154468548367,0.0,445.12730966250973,445.1522520269664,445.7130896723134,447.8291384610937
3.000000000000002,-1.63266995448,0.251652466631,19.5963237274,6.26568547082,0.198741821295,0.0,-2.06525390967,0.127943820713,5.51988376901,0.0335592458103,0.157448401694,0.0,429.5318991875537,429.8083452478906,428.2534331552325,429.48188513844656
3.0600000000000023,-1.76018579727,0.259026758155,19.9273906623,6.26739701257,0.207723437456,0.0,-2.18607288591,0.118036478697,5.51536595997,0.0158456355664,0.125932444367,0.0,440.28680922678654,437.69173794100567,440.5907277911837,439.1237095784001
3.1200000000000023,-1.89608141951,0.265762440619,20.2627435194,6.26840493382,0.215366437139,0.0,-2.34444124187,0.106611495349,5.66194481943,0.0186396456731,0.130135015821,0.0,487.3613641613372,487.6886464436779,486.0678046558273,486.2770721061216
3.1800000000000024,-2.03967859691,0.271967607017,20.5978772844,6.27008741346,0.223666058397,0.0,-2.4428229216,0.100315282139,5.50966129967,0.0422119133626,0.151049910961,0.0,390.20052611945397,392.16885046848574,390.78556734123225,392.9775604287995
3.2400000000000024,-2.19012057368,0.277775422407,20.9274386192,6.2728691219,0.233178157557,0.0,-2.57270253082,0.0935019225929,5.47549381365,0.0535818854831,0.170375800691,0.0,430.09143830957424,431.749839389898,432.1867515278628,433.14552321456694
3.3000000000000025,-2.34930404469,0.283191683825,21.2581629896,6.27611969766,0.244171864458,0.0,-2.73434674516,0.0873661783946,5.54776947898,0.0553388409118,0.201057860861,0.0,466.44134012941305,468.86152719672725,465.33961119669664,465.47895365419714
3.3600000000000025,-2.51767843044,0.288324535811,21.5902286194,6.27972604328,0.256388185662,0.0,-2.87914663903,0.0840216310127,5.5206830408,0.0682472615625,0.208259831002,0.0,436.3675422456875,437.0098587530901,436.0917599339673,437.1714866337955
3.4200000000000026,-2.69463361933,0.293323556283,21.9193952204,0.000909668786218,0.269253087401,0.0,-3.02039509901,0.0829402901822,5.45132397476,0.0806629455686,0.224506211917,0.0,422.14476148424,423.5922100105049,423.2816113425542,424.35331522144736
3.4800000000000026,-2.88056643933,0.298329586002,22.2453881626,0.00556269173603,0.282653320939,0.0,-3.17846972622,0.0843156845103,5.4146371019,0.0704621825657,0.22089516301,0.0,435.31133787828367,435.05961222104895,435.2287250138788,434.37883121129664
3.5400000000000027,-3.07613505714,0.303491362033,22.5688416035,0.00968328595201,0.295800622524,0.0,-3.3415629543,0.0880753465751,5.36669878961,0.0648442849421,0.215322922141,0.0,432.77169197943465,432.3512535015841,432.2646422243725,431.7945620504159
3.6000000000000028,-3.28235235894,0.308965897307,22.8914274109,0.0138922846381,0.309550937788,0.0,-3.53345989408,0.0947652285904,5.38525855296,0.0790699670524,0.24795454002,0.0,454.4448834984403,457.1029239992691,454.32740089942433,455.4703523740436
3.660000000000003,-3.49950609676,0.314882056432,23.2124204158,0.0193984961714,0.324856657506,0.0,-3.70619683594,0.102831556964,5.31403087624,0.109460059551,0.26648768689,0.0,426.3541040548118,428.0026011542069,426.4289787143773,429.0247709340524
3.720000000000003,-3.72852625151,0.321446404533,23.5327266249,0.0254526452869,0.340719337116,0.0,-3.92911371611,0.116557277639,5.36151808484,0.0722976799441,0.259795481824,0.0,467.3211886639745,466.8658415973931,470.2752874614068,467.3949480201854
3.780000000000003,-3.97117526992,0.328934572036,23.8555940234,0.0299959290409,0.356877031264,0.0,-4.16046134935,0.133424917312,5.39937642471,0.081810985027,0.283553659037,0.0,466.5525367347706,468.47255192755597,467.65693033915744,468.40167698723377
3.840000000000003,-4.22851692855,0.33755879148,24.1819066876,0.03520235086,0.374214933434,0.0,-4.41895780762,0.154493030664,5.47593727453,0.0951993942749,0.298019966871,0.0,483.0561456370656,484.2229941701814,481.84752223882543,482.8643173191337
3.900000000000003,-4.50061595204,0.347447250189,24.5098501713,0.0415489700334,0.392346287712,0.0,-4.65237242178,0.175587203402,5.45425816769,0.121258676864,0.309424207591,0.0,454.1601256862736,455.16460992406746,454.7889724209497,456.88109058527465
3.960000000000003,-4.78845700807,0.35885241714,24.8397238453,0.0485993782529,0.411207160232,0.0,-4.94373586144,0.205206405043,5.53935000909,0.10869572606,0.322702105102,0.0,491.7549612886785,492.82782806312105,493.0953683479974,492.17705100339356
4.020000000000002,-5.09232512322,0.371956255687,25.170309469,0.0547470742974,0.430203962501,0.0,-5.18657476293,0.232024317867,5.47890650147,0.0855360307228,0.300291056871,0.0,450.4993017026689,448.7835573983001,450.86320400817334,448.99638037407965
4.080000000000001,-5.40967098249,0.386584955544,25.4940752312,0.0597484118055,0.447984541883,0.0,-5.3929050754,0.255888387367,5.31276983555,0.0785965271935,0.28699661306,0.0,414.76575365703115,413.6923375575186,415.7574955251915,415.1550322481412
4.14,-5.73934497326,0.402663279097,25.8071302101,0.0645831328367,0.465398638279,0.0,-5.59748034145,0.280313511264,5.12198722125,0.084272172758,0.296018295379,0.0,406.96002684655093,407.86072539622313,405.9872814552489,406.50225021578194
4.199999999999998,-6.08388525352,0.42056221334,26.1132549887,0.0697503625515,0.483051137226,0.0,-5.88836488709,0.316622973941,5.08049655341,0.0895799903839,0.290328133918,0.0,462.8820263636106,462.5181528800574,461.6896176724415,462.11411104331194
4.259999999999997,-6.44531487286,0.440595439302,26.4150462205,0.0750896287146,0.500694008065,0.0,-6.16044618989,0.351444042021,4.97788453007,0.0877770818574,0.300592064245,0.0,444.59538686889465,445.52330426109177,444.61326668276246,444.4720821069316
4.319999999999996,-6.82222537724,0.462626625076,26.7084561754,0.0802791443222,0.518691605215,0.0,-6.40444766705,0.38318137078,4.80155291085,0.0837910211487,0.298668204305,0.0,420.6619422723814,420.5924797342257,421.06417523103613,420.7257128935243
4.379999999999995,-7.21515818112,0.486771708998,26.9930738806,0.0849546578834,0.536161326503,0.0,-6.69441429768,0.421876503736,4.68421907472,0.0623827904385,0.268730122779,0.0,446.3362869310194,443.97026187398427,446.4052804594056,444.6590884466785
4.439999999999993,-7.62662003944,0.51340783583,27.2718815293,0.0891133731334,0.552298981237,0.0,-7.02188699296,0.466137551208,4.60751537218,0.08044522881,0.269417497451,0.0,463.438281594112,463.56206550455096,463.10112634095424,464.5234508332652
4.499999999999992,-8.05699695852,0.54260016721,27.544240112,0.0939123796749,0.568410646026,0.0,-7.32496487101,0.507126436302,4.46959874099,0.0790440888832,0.266690458534,0.0,446.34179280595754,446.19155733250756,445.5606712321535,445.4511919354475
4.559999999999991,-8.50471626114,0.574135655064,27.8064152895,0.0982953676886,0.58488826807,0.0,-7.60004725227,0.544214063588,4.26844917461,0.0570312386437,0.287023154986,0.0,425.51443243711986,427.331020027445,425.4051194336239,423.5196180532852
4.6199999999999894,-8.97198663615,0.608341412639,28.0605168735,0.101245964352,0.601773335804,0.0,-7.97636913701,0.595985473457,4.19915438865,0.0248367189876,0.266847134335,0.0,478.45336525558105,476.98806591558315,479.8861108557117,477.43652663802527
4.679999999999988,-9.46172999724,0.645607968704,28.3096129243,0.103348098701,0.617844048616,0.0,-8.34906744267,0.64612952559,4.10174197849,0.0501079600563,0.269765915617,0.0,474.09814830352855,474.3898337178248,472.65251154804855,474.597146060763
4.739999999999987,-9.97063141055,0.685384892488,28.5477554119,0.106752192765,0.634191059332,0.0,-8.6153626734,0.679815046706,3.83534650607,0.0674715772516,0.277330086557,0.0,413.09560009107287,413.84327114162187,413.16634681663277,414.69736800389717
4.799999999999986,-10.4979558995,0.72751813262,28.7727042727,0.110919104182,0.65128162892,0.0,-8.96285737292,0.724654176654,3.66090491348,0.0731333105607,0.296707688337,0.0,453.24731986756984,454.8822126933427,453.84869602225075,454.30658285282937
4.859999999999984,-11.047040524,0.772457294179,28.9877506215,0.114834694401,0.668977220536,0.0,-9.34056688205,0.773306609672,3.50482776466,0.0408233583636,0.291112805722,0.0,466.86997050101877,466.5169839357022,468.1004889947701,465.58121881527217
4.919999999999983,-11.6148693829,0.819719629317,29.1878917707,0.117687918544,0.686136179263,0.0,-9.58818330801,0.802093504329,3.1656644807,0.0584279337717,0.273025803444,0.0,397.08884743322056,395.51889673324473,396.32620926111116,397.94329264354093
4.979999999999982,-12.2002903612,0.869068230522,29.3705260051,0.121177814636,0.702583384807,0.0,-9.92654919497,0.84280067097,2.92022486615,0.0576339092926,0.276218702736,0.0,440.90769689871377,441.24806032778673,440.39512200751284,440.3317938180485
5.0399999999999805,-12.8052043472,0.920710008903,29.5369346966,0.124396600071,0.71866095591,0.0,-10.2380606691,0.878526314267,2.62509539699,0.0441626055582,0.241378639779,0.0,426.4928388370791,423.57988613541863,425.4646645990449,424.31126570473924
